0000721382477
0000721382804
0000721384187
0000721384378
0000721386336
0000721387372
0000721387427
0000721388294
0000721390004
0000721391602
0000721394043
0000721400736
0000721401513
0000721402907
0000721404314
0000721405269
0000721406147
0000721408397
0000721409951
0000721410884
0000721411187
0000721411244
0000721411986
0000721412368
0000721412796
0000721413189
0000721413775
0000721414653
0000721414708
0000721415417
0000721415632
0000721415867
0000721415891
0000721416194
0000721416789
0000721417151
0000721419434
0000721419434
0000721419726
0000721419726
0000721420547
0000721420918
0000721420918
0000721425341
0000721425418
0000721427545
0000721428568
0000721429931
0000721430627
0000721430987
0000721431358
0000721431483
0000721432383
0000721433518
0000721434205
0000721434936
0000721435059
0000721435487
0000721436567
0000721436938
0000721437063
0000721437996
0000721438424
0000721438659
0000721438659
0000721557753
0000721558675
0000721558719
0000721559169
0000721559261
0000721559373
0000721559406
0000721559632
0000721559665
0000721559979
0000721560025
0000721560464
0000721560497
0000721560622
0000721560846
0000721561239
0000721561509
0000721561511
0000721561623
0000721562567
0000721562613
0000721562668
0000721562725
0000721562804
0000721563344
0000721563671
0000721564119
0000721565043
0000721565177
0000721565313
0000721565583
0000721565807
0000721565875
0000721565919
0000721566224
0000721566461
0000721566641
0000721566707
0000721567225
0000721567539
0000721567596
0000721567653
0000721569058
0000721569339
0000721569532
0000721569699
0000721569756
0000721569903
0000721569993
0000721570421
0000721571275
0000721571681
0000721571916
0000721572941
0000721573334
0000721573571
0000721573582
0000721573931
0000721574289
0000721574447
0000721575707
0000721575731
0000721576045
0000721576282
0000721576708
0000721578003
0000721578082
0000721578418
0000721578598
0000721579206
0000721579274
0000721579408
0000721579937
0000721580207
0000721580275
0000721580354
0000721580534
0000721581546
0000721581873
0000721581917
0000721582244
0000721582389
0000721586733
0000721587205
0000721587238
0000721588217
0000721588285
0000721589242
0000721589332
0000721589466
0000721589624
0000721589826
0000721590085
0000721590129
0000721591108
0000721593101
0000721593639
0000721594034
0000721594089
0000721594451
0000721594787
0000721595327
0000721595362
0000721596161
0000721596486
0000721596587
0000721596857
0000721597915
0000721598927
0000721599164
0000721599322
0000721599895
0000721599939
0000721600244
0000721600479
0000721600514
0000721601425
0000721601425
0000721601897
0000721601919
0000721604867
0000721605227
0000721605519
0000721606724
0000721606961
0000721607218
0000721607679
0000721607782
0000721607837
0000721608221
0000721608412
0000721610515
0000721611753
0000721611753
0000721612978
0000721613351
0000721613766
0000721614611
0000721616073
0000721617579
0000721617671
0000721617761
0000721618108
0000721618468
0000721619021
0000721619796
0000721619831
0000721619954
0000721620999
0000721621271
0000721622237
0000721622362
0000721622428
0000721622542
0000721623137
0000721623295
0000721624228
0000721624588
0000721625354
0000721625477
0000721626039
0000721626074
0000721626546
0000721629685
0000721630631
0000721630866
0000721631024
0000721631147
0000721631755
0000721632216
0000721632677
0000721632712
0000721633465
0000721634804
0000721634949
0000721635052
0000721635131
0000721635614
0000721636018
0000721636468
0000721636582
0000721637987
0000721638145
0000721639348
0000721640114
0000721640169
0000721641396
0000721641622
0000721641846
0000721642522
0000721644783
0000721644974
0000721645648
0000721646223
0000721646504
0000721646987
0000721647033
0000721647268
0000721647461
0000721647922
0000721648899
0000721649463
0000721650159
0000721650238
0000721651037
0000721651162
0000721824941
0000721825086
0000721825154
0000721826831
0000721827639
0000721827753
0000721828844
0000721829079
0000721829801
0000721830363
0000721830464
0000721830712
0000721830756
0000721831869
0000721831948
0000721832242
0000721832297
0000721832894
0000721832949
0000721833423
0000721834209
0000721834852
0000721835763
0000721836494
0000721836516
0000721836639
0000721839442
0000721839813
0000721840318
0000721840465
0000721840858
0000721841117
0000721841477
0000721841815
0000721842129
0000721843007
0000721843727
0000721844019
0000721844177
0000721844785
0000721845011
0000721845909
0000721847024
0000721847158
0000721847294
0000721847351
0000722249291
0000722249291
0000722249515
0000722249774
0000722250538
0000722251967
0000722252081
0000722252136
0000722252248
0000722252889
0000722253598
0000722255567
0000722255793
0000722256772
0000722257075
0000722257121
0000722259674
0000722259753
0000722262137
0000722262442
0000722263948
0000722264602
0000722265322
0000722266266
0000722268843
0000722269067
0000722269192
0000722269383
0000722271093
0000722271159
0000722271644
0000722271644
0000722272263
0000722272263
0000722272882
0000722272882
0000722273049
0000722273196
0000722273556
0000722273837
0000722274085
0000722274322
0000722275176
0000722277134
0000722277472
0000722277505
0000722278765
0000722278956
0000722279171
0000722279542
0000722280835
0000722280835
0000722281015
0000722281015
0000722281735
0000722281735
0000722281926
0000722281926
0000722283175
0000722284885
0000722284964
0000722285076
0000722285583
0000722285853
0000722286009
0000722286044
0000722286472
0000722286797
0000722287146
0000722287269
0000722287719
0000722288608
0000722289115
0000722289249
0000722289328
0000722289925
0000722290588
0000722290893
0000722291466
0000722292974
0000722293356
0000722293637
0000722293942
0000722294076
0000722294155
0000722294447
0000722294649
0000722295371
0000722295549
0000722295977
0000722297957
0000722501133
0000722501166
0000722501166
0000722501515
0000722501515
0000722501796
0000722501796
0000722502213
0000722502764
0000722502821
0000722503001
0000722503361
0000722503552
0000722504147
0000722504452
0000722505824
0000722505925
0000722506061
0000722507117
0000722507501
0000722508197
0000722508434
0000722508535
0000722508669
0000722509143
0000722509435
0000722509716
0000722509806
0000722509997
0000722510032
0000722511145
0000722511202
0000722511494
0000722512539
0000722513305
0000722513542
0000722513597
0000722513834
0000722514159
0000722514363
0000722514565
0000722514655
0000722514745
0000722514745
0000722515386
0000722515386
0000722515577
0000722515577
0000722516635
0000722517388
0000722518266
0000722519054
0000722519943
0000722519998
0000722520033
0000722520246
0000722520538
0000722520663
0000722520887
0000722521012
0000722521844
0000722521956
0000722522136
0000722522171
0000722522237
0000722523576
0000722523576
0000722523666
0000722523734
0000722523969
0000722524667
0000722524836
0000722525409
0000722525477
0000722525624
0000722525769
0000722526366
0000722526715
0000722527075
0000722528381
0000722530168
0000722530203
0000722530438
0000722530978
0000722531316
0000722532216
0000722533149
0000722533162
0000722533612
0000722534354
0000722534512
0000722534804
0000722535175
0000722537335
0000722537458
0000722537493
0000722537537
0000722538472
0000722538685
0000722539271
0000722539574
0000722540158
0000722540788
0000722541003
0000722541363
0000722541712
0000722542847
0000722544489
0000722544647
0000722544726
0000722545244
0000722545536
0000722546122
0000722547628
0000722547685
0000722547821
0000722547977
0000722548168
0000722548438
0000722549349
0000722549957
0000722550824
0000722551408
0000722551601
0000722552501
0000722552894
0000722552951
0000722553186
0000722553322
0000722553827
0000722554457
0000722554964
0000722554997
0000722555155
0000722556112
0000722556145
0000722556472
0000722557023
0000722557866
0000722558259
0000722564919
0000722565009
0000722565988
0000722566269
0000722566833
0000722567259
0000722567531
0000722568317
0000722568363
0000722570128
0000722570567
0000722570769
0000722572154
0000722572211
0000722572795
0000722573245
0000722574088
0000722574189
0000722574742
0000722575282
0000722575798
0000722576204
0000722576351
0000722576878
0000722577137
0000722577161
0000722580028
0000722580142
0000722580546
0000722580693
0000722581108
0000722581648
0000722582392
0000722582932
0000722583887
0000722584427
0000722585529
0000722585586
0000722586216
0000722586576
0000722586969
0000722587509
0000722587869
0000722588027
0000722588578
0000722588613
0000722589164
0000722589974
0000722590514
0000722590582
0000722590896
0000722590953
0000722591109
00001043451653
00001043452337
00002005525776
00002013761351
00002013761362
00002013762069
00002013762148
00002013762161
00002013762172
00002013762183
00002013762194
00002013762205
00002013762216
00002013762227
00002013762238
00002013762249
00002013762251
00002013762273
00002013762284
00002013762295
00002013762306
00002013762328
00002013762339
00002013762341
00002013762363
00002013762396
00002013762407
00002013762418
00002013762431
00002013762442
00002013762453
00002013762464
00002013762475
00002013762486
00002013762508
00002013762519
00002013762554
00002013762587
00002013762609
00002013762633
00002013762644
00002013762655
00002013762666
00002013762677
00002013762699
00002013762701
00002013762701
00002013762734
00002013762745
00002013762756
00002013762767
00002013762778
00002013762789
00002013762802
00002013762824
00002013762835
00002013762837
00002013762879
00002013762881
00002013762892
00002013762903
00002013762925
00002013762936
00002013762969
00002013762971
00002013762982
00002013762993
00002013763004
00002013763015
00002013763026
00002013763037
00002013763048
00002013763072
00002013763105
00002013763116
00002013763127
00002013763149
00002013763151
00002013763162
00002013763173
00002013763184
00002013763195
00002013763206
00002013763217
00002013763228
00002013763239
00002013763263
00002013763274
00002013763285
00002013763296
00002013763318
00002013763329
00002013763331
00002013763342
00002013763353
00002013763364
00002013763375
00002013763386
00002013763397
00002013763408
00002013763419
00002013763443
00002013763487
00002013763498
00002013763509
00002013763511
00002013763522
00002013763533
00002013763544
00002013763566
00002013763588
00002013763599
00002013763601
00002013763623
00002013763645
00002013763656
00002013763667
00002013763678
00002013763689
00002019715064
00002019818057
00002019829487
00002020322935
00002020693421
00002020908521
00002021192368
00002021374541
00002021697606
00002021831368
00002021923844
00002021940033
00002021940729
00002021973884
00002022041856
00002022157091
00002022513491
00002022609216
00002022929087
00002023208403
00002023312015
00002023515213
00002023610398
00002023658548
00002023733891
00002023937695
00002024102957
00002024139936
00002024271044
00002024353102
00002024441864
00002024457309
00002024533372
00002024551754
00002024848822
00002024888589
00002024889524
00002024929844
00002024994025
00002025021666
00002025450955
00002025598162
00002025639371
00002025733149
00002025740351
00002025797218
00002025800019
00002025905016
00002026038587
00002026259122
00002026306056
00002026395213
00002026508152
00002026550384
00002026572333
00002026678522
00002026752603
00002026901698
000020137625576